400 500

Lazio
219
376.9802 392.2952
377.9902 391.4452
377.2302 390.1452
376.4802 390.1752
373.4402 387.4052
371.2902 387.0352
372.6102 384.8152
371.8002 383.3152
372.8302 378.8452
369.7202 377.7252
369.6202 376.6952
370.2702 376.4552
369.7702 375.6852
366.7702 375.1052
366.2202 373.7852
363.4102 375.8052
362.1902 375.2052
359.3802 376.3552
356.4302 374.6952
356.5402 373.2352
357.4402 372.6352
355.4002 372.5652
346.4602 377.7752
342.1202 378.8152
340.4802 377.8152
338.1602 377.9352
335.2402 377.0052
331.9302 373.8552
329.5202 374.0452
326.5902 380.7752
322.9302 384.6652
319.3302 386.6552
315.9602 386.9952
315.1502 386.3652
310.3302 389.5952
308.6302 389.3152
308.4902 388.6052
307.6202 388.9752
304.3002 394.8352
297.2202 403.2852
293.5402 406.4052
287.3302 409.2352
286.4002 415.1352
283.2702 420.8852
278.4402 423.7152
277.1402 425.6552
274.5802 426.6352
274.0102 427.8452
271.6702 429.3252
267.4002 428.6952
265.7302 432.5852
262.6902 436.5952
262.5102 438.4752
260.3902 442.7452
258.1402 445.9052
252.7002 450.3352
247.5702 452.7852
249.4302 456.9352
256.2302 457.0152
256.1402 460.4452
253.3502 462.3552
254.7202 464.2952
254.2702 466.0552
254.8902 466.3852
256.0302 465.3352
256.7002 466.2252
257.5102 465.9952
259.2502 466.8752
259.4602 467.9552
260.9602 469.0652
262.2502 468.8152
263.1602 470.9552
264.5302 470.7652
265.9302 471.6852
265.8502 472.7652
264.8002 473.2452
264.3902 475.8652
265.6202 475.8552
266.6602 478.2152
262.8802 481.1752
264.0402 483.6152
265.2502 483.1452
265.9502 481.8252
266.4602 483.8352
268.0902 484.9052
270.5702 484.7652
272.1902 480.8752
274.9702 479.0752
273.9602 477.0952
272.1102 476.0552
273.4002 473.9452
277.5402 471.3852
281.2202 472.6952
282.2302 471.6252
282.3502 472.3752
283.0202 472.1552
284.4002 473.3452
286.0302 472.6652
287.7002 470.6052
288.2502 466.1352
289.9202 465.3552
289.7102 463.3952
290.7502 462.5452
290.0002 461.8752
291.5202 461.0752
290.8302 460.6152
292.7002 460.8252
293.9302 459.5652
295.9302 461.1852
297.4002 461.0252
297.1502 459.1652
297.8902 458.4852
297.2102 458.2552
297.2002 456.1952
299.4902 455.3952
298.5202 453.9752
302.1602 454.4952
302.1102 452.8152
302.9802 451.8152
307.3102 455.1752
307.5302 459.0552
308.7202 459.1352
309.6102 457.2752
310.8202 457.3252
313.8102 459.2952
312.4402 461.3352
315.5002 462.2152
315.6702 463.5452
317.7202 463.4452
319.5702 465.0752
321.6602 465.7452
321.0402 468.2952
321.6202 469.4652
323.6402 468.4752
324.4402 469.4452
327.6902 469.4052
328.4002 470.9352
330.4602 469.8552
333.2602 471.5752
333.3102 472.3552
334.9302 471.7152
336.2602 472.9952
337.0102 477.4452
340.2902 476.6552
340.8302 477.8252
341.9202 477.9252
345.6002 474.7652
345.0602 473.0752
346.2102 471.7152
348.2002 471.0852
347.4402 467.6452
346.0902 466.4752
343.8302 466.7952
342.3302 466.0252
341.7502 466.9952
340.4002 467.0052
339.7902 466.2752
337.0402 467.3052
336.2802 464.5452
335.2502 463.9752
336.2502 462.1152
336.3502 459.7352
333.1702 457.3152
337.1602 453.5752
335.0702 451.2352
338.8102 448.7652
339.4602 445.4752
342.0402 442.9352
344.4602 442.1052
344.7602 440.4752
346.7002 439.2552
344.8702 438.9252
345.3902 438.2252
343.9002 437.9352
342.8302 435.7052
341.1402 436.3252
339.9002 435.5552
333.3402 439.0852
331.6102 438.9552
331.5602 436.5552
329.4802 434.7752
328.7102 435.1352
328.5602 430.2152
329.9602 427.9652
332.3502 427.3252
332.3702 428.5652
334.4002 427.8452
342.0502 423.3552
342.9402 423.7252
344.9202 421.4452
345.9402 421.6352
346.9402 420.2252
345.6602 417.9352
346.6602 414.3052
348.0602 415.6652
349.7902 414.9652
351.2702 413.5352
353.1102 413.1052
353.8502 411.2952
355.3302 410.3652
359.3802 411.7252
360.4502 413.8152
362.2202 413.3252
363.2902 412.1452
364.6202 412.8752
366.3702 409.5652
367.7002 409.1652
368.7202 409.8252
371.1202 408.4052
373.0802 408.5952
375.5802 405.3252
377.5702 403.6052
378.9702 400.0152
379.0702 398.6452
378.3902 398.0052
379.7602 396.4952
379.5402 395.5452
378.6902 395.3652
379.9102 394.3052

Lazio
12
299.3302 420.1852
299.2902 420.2652
299.3002 420.4452
299.1902 420.5552
299.1002 420.5252
298.9302 420.4852
298.7702 420.2252
298.7402 420.1652
298.8102 420.0852
298.8702 420.1052
299.1302 420.0452
299.3302 420.1252

